619810475
1
61202733
490761278
150974182
32
193851274
470273943
836716612
122895984
491132984
4
598803535
1967200
233904
275935729
434415786
873924475
176140826
921290108
5
2033628
940449293
433494437
989625775
190171731
76471266
498364799
75025
525375999
59448
667018079
993506670
844048728
214972944
951202719
587847544
1
21
22229974
201061985
747174658
1
690788066
97364946
306114413
28074040
439787869
66012
1346269
773183638
707881333
1
144155929
728048648
1825529
2555757
772781339
451598856
180948981
1
486500160
59688155
446689933
181997601
1
137945549
1
34
128
20270975
124211371
649976177
511
2068498
3918592
1
8144
1
153962946
1023
16190208
426477098
500422649
1
339896436
1
593786270
505123926
546993774
212896133
318405696
259328
1
128752121
104308960
426477098
34
1016
6930